2212
 147
 656
1575
 430
1279
2891
7341
1158
4204
2212
 147
 656
1575
 430
1279
2891
7341
1157
4204
2212
 147
 656
1575
 430
1279
2891
7340
1157
4204
2212
 147
 656
1575
 430
1279
2890
7340
1157
4204
2212
 147
 656
1575
 430
1278
2890
7340
1157
4204
2212
 147
 656
1575
 429
1278
2890
7340
1157
4204
2212
 147
 656
1574
 429
1278
2890
7340
1157
4204
2212
 147
 655
1574
 429
1278
2890
7340
1157
4204
2212
 146
 655
1574
 429
1278
2890
7340
1157
4204
2211
 146
 655
1574
 429
1278
2890
7340
1157
4203
2211
 146
 655
1574
 429
1278
2890
7340
1156
4203
2211
 146
 655
1574
 429
1278
2890
7339
1156
4203
2211
 146
 655
1574
 429
1278
2889
7339
1156
4203
2211
 146
 655
1574
 429
1277
2889
7339
1156
4203
2211
 146
 655
1574
 428
1277
2889
7339
1156
4203
2211
 146
 655
1573
 428
1277
2889
7339
1156
4203
2211
 146
 654
1573
 428
1277
2889
7339
1156
4203
2211
 145
 654
1573
 428
1277
2889
7339
1156
4203
2210
 145
 654
1573
 428
1277
2889
7339
1156
4202
2210
 145
 654
1573
 428
1277
2889
7339
1155
4202
2210
 145
 654
1573
 428
1277
2889
7338
1155
4202
2210
 145
 654
1573
 428
1277
2888
7338
1155
4202
2210
 145
 654
1573
 428
1276
2888
7338
1155
4202
2210
 145
 654
1573
 427
1276
2888
7338
1155
4202
2210
 145
 654
1572
 427
1276
2888
7338
1155
4202
2210
 145
 653
1572
 427
1276
2888
7338
1155
4202
2210
 144
 653
1572
 427
1276
2888
7338
1155
4202
2209
 144
 653
1572
 427
1276
2888
7338
1155
4201
2209
 144
 653
1572
 427
1276
2888
7338
1154
4201
2209
 144
 653
1572
 427
1276
2888
7337
1154
4201
2209
 144
 653
1572
 427
1276
2887
7337
1154
4201
2209
 144
 653
1572
 427
1275
2887
7337
1154
4201
2209
 144
 653
1572
 426
1275
2887
7337
1154
4201
2209
 144
 653
1571
 426
1275
2887
7337
1154
4201
2209
 144
 652
1571
 426
1275
2887
7337
1154
4201
2209
 143
 652
1571
 426
1275
2887
7337
1154
4201
2208
 143
 652
1571
 426
1275
2887
7337
1154
4200
2208
 143
 652
1571
 426
1275
2887
7337
1153
4200
2208
 143
 652
1571
 426
1275
2887
7336
1153
4200
2208
 143
 652
1571
 426
1275
2886
7336
1153
4200
2208
 143
 652
1571
 426
1274
2886
7336
1153
4200
2208
 143
 652
1571
 425
1274
2886
7336
1153
4200
2208
 143
 652
1570
 425
1274
2886
7336
1153
4200
2208
 143
 651
1570
 425
1274
2886
7336
1153
4200
2208
 142
 651
1570
 425
1274
2886
7336
1153
4200
2207
 142
 651
1570
 425
1274
2886
7336
1153
4199
2207
 142
 651
1570
 425
1274
2886
7336
1152
4199
2207
 142
 651
1570
 425
1274
2886
7335
1152
4199
2207
 142
 651
1570
 425
1274
2885
7335
1152
4199
2207
 142
 651
1570
 425
1273
2885
7335
1152
4199
2207
 142
 651
1570
 424
1273
2885
7335
1152
4199
2207
 142
 651
1569
 424
1273
2885
7335
1152
4199
2207
 142
 650
1569
 424
1273
2885
7335
1152
4199
2207
 141
 650
1569
 424
1273
2885
7335
1152
4199
2206
 141
 650
1569
 424
1273
2885
7335
1152
4198
2206
 141
 650
1569
 424
1273
2885
7335
1151
4198
2206
 141
 650
1569
 424
1273
2885
7334
1151
4198
2206
 141
 650
1569
 424
1273
2884
7334
1151
4198
2206
 141
 650
1569
 424
1272
2884
7334
1151
4198
2206
 141
 650
1569
 423
1272
2884
7334
1151
4198
2206
 141
 650
1568
 423
1272
2884
7334
1151
4198
2206
 141
 649
1568
 423
1272
2884
7334
1151
4198
2206
 140
 649
1568
 423
1272
2884
7334
1151
4198
2205
 140
 649
1568
 423
1272
2884
7334
1151
4197
2205
 140
 649
1568
 423
1272
2884
7334
1150
4197
2205
 140
 649
1568
 423
1272
2884
7333
1150
4197
2205
 140
 649
1568
 423
1272
2883
7333
1150
4197
2205
 140
 649
1568
 423
1271
2883
7333
1150
4197
2205
 140
 649
1568
 422
1271
2883
7333
1150
4197
2205
 140
 649
1567
 422
1271
2883
7333
1150
4197
2205
 140
 648
1567
 422
1271
2883
7333
1150
4197
2205
 139
 648
1567
 422
1271
2883
7333
1150
4197
2204
 139
 648
1567
 422
1271
2883
7333
1150
4196
2204
 139
 648
1567
 422
1271
2883
7333
1149
4196
2204
 139
 648
1567
 422
1271
2883
7332
1149
4196
2204
 139
 648
1567
 422
1271
2882
7332
1149
4196
2204
 139
 648
1567
 422
1270
2882
7332
1149
4196
2204
 139
 648
1567
 421
1270
2882
7332
1149
4196
2204
 139
 648
1566
 421
1270
2882
7332
1149
4196
2204
 139
 647
1566
 421
1270
2882
7332
1149
4196
2204
 138
 647
1566
 421
1270
2882
7332
1149
4196
2203
 138
 647
1566
 421
1270
2882
7332
1149
4195
2203
 138
 647
1566
 421
1270
2882
7332
1148
4195
2203
 138
 647
1566
 421
1270
2882
7331
1148
4195
2203
 138
 647
1566
 421
1270
2881
7331
1148
4195
2203
 138
 647
1566
 421
1269
2881
7331
1148
4195
2203
 138
 647
1566
 420
1269
2881
7331
1148
4195
2203
 138
 647
1565
 420
1269
2881
7331
1148
4195
2203
 138
 646
1565
 420
1269
2881
7331
1148
4195
2203
 137
 646
1565
 420
1269
2881
7331
1148
4195
2202
 137
 646
1565
 420
1269
2881
7331
1148
4194
2202
 137
 646
1565
 420
1269
2881
7331
1147
4194
2202
 137
 646
1565
 420
1269
2881
7330
1147
4194
2202
 137
 646
1565
 420
1269
2880
7330
1147
4194
2202
 137
 646
1565
 420
1268
2880
7330
1147
4194
2202
 137
 646
1565
 419
1268
2880
7330
1147
4194
2202
 137
 646
1564
 419
1268
2880
7330
1147
4194
2202
 137
 645
1564
 419
1268
2880
7330
1147
4194
2202
 136
 645
1564
 419
1268
2880
7330
1147
4194
2201
 136
 645
1564
 419
1268
2880
7330
1147
4193
2201
 136
 645
1564
 419
1268
2880
7330
1146
4193
2201
 136
 645
1564
 419
1268
2880
7329
1146
4193
2201
 136
 645
1564
 419
1268
2879
7329
1146
4193
2201
 136
 645
1564
 419
1267
2879
7329
1146
4193
2201
 136
 645
1564
 418
1267
2879
7329
1146
4193
2201
 136
 645
1563
 418
1267
2879
7329
1146
4193
2201
 136
 644
1563
 418
1267
2879
7329
1146
4193
2201
 135
 644
1563
 418
1267
2879
7329
1146
4193
2200
 135
 644
1563
 418
1267
2879
7329
1146
4192
2200
 135
 644
1563
 418
1267
2879
7329
1145
4192
2200
 135
 644
1563
 418
1267
2879
7328
1145
4192
2200
 135
 644
1563
 418
1267
2878
7328
1145
4192
2200
 135
 644
1563
 418
1266
2878
7328
1145
4192
2200
 135
 644
1563
 417
1266
2878
7328
1145
4192
2200
 135
 644
1562
 417
1266
2878
7328
1145
4192
2200
 135
 643
1562
 417
1266
2878
7328
1145
4192
2200
 134
 643
1562
 417
1266
2878
7328
1145
4192
2199
 134
 643
1562
 417
1266
2878
7328
1145
4191
2199
 134
 643
1562
 417
1266
2878
7328
1144
4191
2199
 134
 643
1562
 417
1266
2878
7327
1144
4191
2199
 134
 643
1562
 417
1266
2877
7327
1144
4191
2199
 134
 643
1562
 417
1265
2877
7327
1144
4191
2199
 134
 643
1562
 416
1265
2877
7327
1144
4191
2199
 134
 643
1561
 416
1265
2877
7327
1144
4191
2199
 134
 642
1561
 416
1265
2877
7327
1144
4191
2199
 133
 642
1561
 416
1265
2877
7327
1144
4191
2198
 133
 642
1561
 416
1265
2877
7327
1144
4190
2198
 133
 642
1561
 416
1265
2877
7327
1143
4190
2198
 133
 642
1561
 416
1265
2877
7326
1143
4190
2198
 133
 642
1561
 416
1265
2876
7326
1143
4190
2198
 133
 642
1561
 416
1264
2876
7326
1143
4190
2198
 133
 642
1561
 415
1264
2876
7326
1143
4190
2198
 133
 642
1560
 415
1264
2876
7326
1143
4190
2198
 133
 641
1560
 415
1264
2876
7326
1143
4190
2198
 132
 641
1560
 415
1264
2876
7326
1143
4190
2197
 132
 641
1560
 415
1264
2876
7326
1143
4189
2197
 132
 641
1560
 415
1264
2876
7326
1142
4189
2197
 132
 641
1560
 415
1264
2876
7325
1142
4189
2197
 132
 641
1560
 415
1264
2875
7325
1142
4189
2197
 132
 641
1560
 415
1263
2875
7325
1142
4189
2197
 132
 641
1560
 414
1263
2875
7325
1142
4189
2197
 132
 641
1559
 414
1263
2875
7325
1142
4189
2197
 132
 640
1559
 414
1263
2875
7325
1142
4189
2197
 131
 640
1559
 414
1263
2875
7325
1142
4189
2196
 131
 640
1559
 414
1263
2875
7325
1142
4188
2196
 131
 640
1559
 414
1263
2875
7325
1141
4188
2196
 131
 640
1559
 414
1263
2875
7324
1141
4188
2196
 131
 640
1559
 414
1263
2874
7324
1141
4188
2196
 131
 640
1559
 414
1262
2874
7324
1141
4188
2196
 131
 640
1559
 413
1262
2874
7324
1141
4188
2196
 131
 640
1558
 413
1262
2874
7324
1141
4188
2196
 131
 639
1558
 413
1262
2874
7324
1141
4188
2196
 130
 639
1558
 413
1262
2874
7324
1141
4188
2195
 130
 639
1558
 413
1262
2874
7324
1141
4187
2195
 130
 639
1558
 413
1262
2874
7324
1140
4187
2195
 130
 639
1558
 413
1262
2874
7323
1140
4187
2195
 130
 639
1558
 413
1262
2873
7323
1140
4187
2195
 130
 639
1558
 413
1261
2873
7323
1140
4187
2195
 130
 639
1558
 412
1261
2873
7323
1140
4187
2195
 130
 639
1557
 412
1261
2873
7323
1140
4187
2195
 130
 638
1557
 412
1261
2873
7323
1140
4187
2195
 129
 638
1557
 412
1261
2873
7323
1140
4187
2194
 129
 638
1557
 412
1261
2873
7323
1140
4186
2194
 129
 638
1557
 412
1261
2873
7323
1139
4186
2194
 129
 638
1557
 412
1261
2873
7322
1139
4186
2194
 129
 638
1557
 412
1261
2872
7322
1139
4186
2194
 129
 638
1557
 412
1260
2872
7322
1139
4186
2194
 129
 638
1557
 411
1260
2872
7322
1139
4186
2194
 129
 638
1556
 411
1260
2872
7322
1139
4186
2194
 129
 637
1556
 411
1260
2872
7322
1139
4186
2194
 128
 637
1556
 411
1260
2872
7322
1139
4186
2193
 128
 637
1556
 411
1260
2872
7322
1139
4185
2193
 128
 637
1556
 411
1260
2872
7322
1138
4185
2193
 128
 637
1556
 411
1260
2872
7321
1138
4185
2193
 128
 637
1556
 411
1260
2871
7321
1138
4185
2193
 128
 637
1556
 411
1259
2871
7321
1138
4185
2193
 128
 637
1556
 410
1259
2871
7321
1138
4185
2193
 128
 637
1555
 410
1259
2871
7321
1138
4185
2193
 128
 636
1555
 410
1259
2871
7321
1138
4185
2193
 127
 636
1555
 410
1259
2871
7321
1138
4185
2192
 127
 636
1555
 410
1259
2871
7321
1138
4184
2192
 127
 636
1555
 410
1259
2871
7321
1137
4184
2192
 127
 636
1555
 410
1259
2871
7320
1137
4184
2192
 127
 636
1555
 410
1259
2870
7320
1137
4184
2192
 127
 636
1555
 410
1258
2870
7320
1137
4184
2192
 127
 636
1555
 409
1258
2870
7320
1137
4184
2192
 127
 636
1554
 409
1258
2870
7320
1137
4184
2192
 127
 635
1554
 409
1258
2870
7320
1137
4184
2192
 126
 635
1554
 409
1258
2870
7320
1137
4184
2191
 126
 635
1554
 409
1258
2870
7320
1137
4183
2191
 126
 635
1554
 409
1258
2870
7320
1136
4183
2191
 126
 635
1554
 409
1258
2870
7319
1136
4183
2191
 126
 635
1554
 409
1258
2869
7319
1136
4183
2191
 126
 635
1554
 409
1257
2869
7319
1136
4183
2191
 126
 635
1554
 408
1257
2869
7319
1136
4183
2191
 126
 635
1553
 408
1257
2869
7319
1136
4183
2191
 126
 634
1553
 408
1257
2869
7319
1136
4183
2191
 125
 634
1553
 408
1257
2869
7319
1136
4183
2190
 125
 634
1553
 408
1257
2869
7319
1136
4182
2190
 125
 634
1553
 408
1257
2869
7319
1135
4182
2190
 125
 634
1553
 408
1257
2869
7318
1135
4182
2190
 125
 634
1553
 408
1257
2868
7318
1135
4182
2190
 125
 634
1553
 408
1256
2868
7318
1135
4182
2190
 125
 634
1553
 407
1256
2868
7318
1135
4182
2190
 125
 634
1552
 407
1256
2868
7318
1135
4182
2190
 125
 633
1552
 407
1256
2868
7318
1135
4182
2190
 124
 633
1552
 407
1256
2868
7318
1135
4182
2189
 124
 633
1552
 407
1256
2868
7318
1135
4181
2189
 124
 633
1552
 407
1256
2868
7318
1134
4181
2189
 124
 633
1552
 407
1256
2868
7317
1134
4181
2189
 124
 633
1552
 407
1256
2867
7317
1134
4181
2189
 124
 633
1552
 407
1255
2867
7317
1134
4181
2189
 124
 633
1552
 406
1255
2867
7317
1134
4181
2189
 124
 633
1551
 406
1255
2867
7317
1134
4181
2189
 124
 632
1551
 406
1255
2867
7317
1134
4181
2189
 123
 632
1551
 406
1255
2867
7317
1134
4181
2188
 123
 632
1551
 406
1255
2867
7317
1134
4180
2188
 123
 632
1551
 406
1255
2867
7317
1133
4180
2188
 123
 632
1551
 406
1255
2867
7316
1133
4180
2188
 123
 632
1551
 406
1255
2866
7316
1133
4180
2188
 123
 632
1551
 406
1254
2866
7316
1133
4180
2188
 123
 632
1551
 405
1254
2866
7316
1133
4180
2188
 123
 632
1550
 405
1254
2866
7316
1133
4180
2188
 123
 631
1550
 405
1254
2866
7316
1133
4180
2188
 122
 631
1550
 405
1254
2866
7316
1133
4180
2187
 122
 631
1550
 405
1254
2866
7316
1133
4179
2187
 122
 631
1550
 405
1254
2866
7316
1132
4179
2187
 122
 631
1550
 405
1254
2866
7315
1132
4179
2187
 122
 631
1550
 405
1254
2865
7315
1132
4179
2187
 122
 631
1550
 405
1253
2865
7315
1132
4179
2187
 122
 631
1550
